0 0
1 0.1
2 0.0894829
3 0.0906391
4 0.0905126
5 0.0905265
6 0.0905249
7 0.0905251
8 0.0905251
9 0.0905251
10 0.0905251
11 0.0905251
12 0.0905251
13 0.0905251
14 0.0905251
15 0.0905251
16 0.0905251
17 0.0905251
18 0.0905251
19 0.0905251
20 0.0905251
21 0.0905251
22 0.0905251
23 0.0905251
24 0.0905251
25 0.0905251
26 0.0905251
27 0.0905251
28 0.0905251
29 0.0905251
30 0.0905251
31 0.0905251
32 0.0905251
33 0.0905251
34 0.0905251
35 0.0905251
36 0.0905251
37 0.0905251
38 0.0905251
39 0.0905251
40 0.0905251
41 0.0905251
42 0.0905251
43 0.0905251
44 0.0905251
45 0.0905251
46 0.0905251
47 0.0905251
48 0.0905251
49 0.0905251
50 0.0905251
51 0.0905251
52 0.0905251
53 0.0905251
54 0.0905251
55 0.0905251
56 0.0905251
57 0.0905251
58 0.0905251
59 0.0905251
60 0.0905251
61 0.0905251
62 0.0905251
63 0.0905251
64 0.0905251
65 0.0905251
66 0.0905251
67 0.0905251
68 0.0905251
69 0.0905251
70 0.0905251
71 0.0905251
72 0.0905251
73 0.0905251
74 0.0905251
75 0.0905251
76 0.0905251
77 0.0905251
78 0.0905251
79 0.0905251
80 0.0905251
81 0.0905251
82 0.0905251
83 0.0905251
84 0.0905251
85 0.0905251
86 0.0905251
87 0.0905251
88 0.0905251
89 0.0905251
90 0.0905251
91 0.0905251
92 0.0905251
93 0.0905251
94 0.0905251
95 0.0905251
96 0.0905251
97 0.0905251
98 0.0905251
99 0.0905251
