3811657
465225
905619910
1021224236
840950501
79656998
619248812
876007061
1062678831
2018329486
2722883991
2055327325
195467866
752248018
372644948
115744331
1152744331
3237547399
529812639
906593676
173657401
3258178121
526357112
1700116957
122386466
172938960
296326660
350722855
408906530
423077196
475473984
574258875
614231165
740645572
804393292
821451619
824388688
827899558
840950501
852292412
894017780
980786445
997843358
1017964288
1023279272
1031871035
1037884897
1046921877
1055329168
1055457075
1062678831
1079553854
1137810649
1160894948
1185297234
1203088378
1246089266
1262458412
1284559383
1468165553
1654401455
1754970984
1904472519
2672717938
2813466509
84188255
153164154
862902583
862985271
913607174
915145277
984126638
1099461301
1279921700
1434590081
1534091832
2158802139
2371514683
2551902254
2582823773
2772713337
3191153689
3281503251
3287516554
3305584949
96919
79656998
105503396
173657401
195467866
326346263
619248812
2018329486
7329932
77769150
215016168
254923027
264721851
335866773
352431297
381184368
905619910
952685889
1196147236
1215565255
172658817
183834221
289839192
296155457
296261230
347006087
425820036
444794227
473003299
485772450
510707659
510989546
598916534
631443645
641675714
715443349
731261332
741063486
751088311
754279655
771776068
773373422
819619136
823062554
826934892
849385638
853823757
863319294
906593676
944495971
953084771
958141286
995064222
1004260401
1005513998
1019578376
1020341547
1051080426
1064731093
1074788898
1078271378
1097828629
1098890869
1134485694
1152751521
1169218545
1185314907
1194184670
1213452923
1243986880
1246345129
1257567936
1264169085
1292239882
1305530714
1318795439
1403702035
1453216715
1461126220
1464696884
1511300340
1527039517
1535332051
1542462994
1581738701
1604059004
1605547061
1667901702
1700116957
1713136839
1806819675
1812365336
1909030060
1929556128
1940872674
1970838395
2028465542
2244552075
2254760379
2265480587
2269859384
2423606762
2528470799
2829591572
2834552723
2872534745
3259153579
3516040038
86211354
124638962
274617269
280330700
283335012
303432313
345004333
348241810
372644948
377102450
390055895
450922012
458782325
460536723
490735205
492242445
494277079
502535111
513157311
522899407
534725512
540415242
544378003
723568823
747238376
752248018
819644887
826563450
841202779
851883501
854837291
893024651
908147828
910320513
921202685
948900318
954940334
972010917
981609646
993595543
995093512
1009494760
1017199627
1017648394
1024849618
1031200244
1056392296
1069851522
1073697394
1079545289
1091817211
1099310928
1127210764
1134259376
1146814917
1149692654
1150144361
1157558686
1169502274
1179358644
1187718944
1194159046
1198561907
1204184089
1209599225
1219212559
1228371236
1259690045
1269653997
1293287967
1310977046
1398563236
1450701080
1536591157
1565237443
1577416724
1713308600
1737955409
1872451439
2459180228
2524848326
2683348641
2814636560
2879051036
3263608845
3300588099
380180690
706458013
58755855
248091018
273243830
309958697
326068820
326944718
343360977
419091317
425754679
435847585
453535865
462211353
470155724
474081880
498979540
499948388
501343675
513743955
525171999
547631222
563878546
569645177
583866767
609132438
694093976
705692417
723997065
727265184
760593067
761289895
804459116
805708235
827084459
836571994
844752365
858451227
865280889
871768580
893321098
925851852
931655661
932087357
939157460
942141685
961510755
978321052
1003088963
1024247587
1046568917
1048318205
1078697235
1104139104
1105880285
1106384799
1126876994
1131689503
1141237081
1150731871
1169497337
1179371329
1191139040
1223252900
1260455531
1281770659
1292133407
1312470716
1351735516
1371026797
1401572188
1401734886
1413401623
1424579323
1427385288
1430252182
1440798353
1514432816
1531186289
1594883131
1617287926
1654583743
1748415520
1779134546
2436984970
2503756720
2534200196
2548832501
2846962827
2949115243
3184265747
3187793897
3213699679
3274879799

