E-mail Address
172938960
443989051
1242932246
629260557
632328553
1179484628
407855698
84818285
269484543
2250572535
353668782
353668782
674595137
632407701
178649038
2827178357
383285183
1104784771
2321243642
220743849
2200743849
272909101
316195279
1549009365
2500558292
424140365
2546816175
1196698099
1215468669
1060187791
2559046932
3997405
4333307
4434419
4489992
5523335
8832734
9998104
31527715
32923997
56268888
65147568
66600000
276040554
383848153
473273575
695273136
787734582
792564363
824724576
938011355
975320886
1003552489
1050098017
1254822871
1541152299
1931084009
2169331470
2177636786
2465042431
2574922936
2754808740
3067691457
3137651237
3171812536
3443257163
42994841
105665498
354191169
373700522
406451666
443989051
470221956
752083308
823841636
1962204808
269819962
516587780
550829814
599383381
634647348
635916564
674595137
702803809
704693574
879162053
895302171
916688370
935577423
971369403
982286405
1019830567
1050795052
1120749289
1179484628
1195363525
1205719257
1250238459
1364972754
1424677013
1456667442
1462426649
1533160584
1607884826
1620851491
1801452585
1831253864
1842711722
1843149359
1954850352
1961441810
1973987736
1983552497
2192706368
2250572535
2364882851
2369401954
2429888709
2500558292
2540511688
2557905113
2651715712
2654190493
2856100767
2879024195
3160086384
3163824622
84818285
269484543
316256986
353668782
371674300
397090004
424140365
469863312
475923867
512719658
627365761
632328553
632407701
815714396
525723013
644071948
737866310
785362083
1159323699
1171461865
1206282863
1210489531
1215468669
1239373524
1255226104
1292328194
1300761529
1318935273
1329168700
1332155905
1375832560
1402559175
1476292697
1550666727
1677550459
1715122017
1766244401
1797780882
2276690842
2358277053
2449066239
2547976322
2593347954
2601229659
2633233932
2645131715
2758027887
2770390797
3057292524
492102544
572407162
846056858
973342634
1084426278
1270525532
2572329609
281363947
394454089
442290829
476334838
525454340
597785032
630772597
670020267
757937610
807554343
827899558
905859742
920188860
924153222
934233185
1026740407
1033919234
1041570658
1050413658
1062233093
1074600105
1099461301
1115872774
1184143157
1194213408
1240692048
1253647940
1259284483
1306281530
1311039708
1412625411
1556619687
1585089207
1766917880
1771919739
1819295583
1909138079
1975378823
1990533225
1994975892
2477490484
2499791478
2502216109
2523256966
2633276023
2638624488
2820879419
3072173580
3103556957
3242047156
3282608448
775398820
919738770
37943809
124787598
237990576
303194649
318372382
422486827
464673859
489404801
516111666
741740962
742922789
791818298
792071590
847125710
891444362
916884534
954512956
970858826
1104784771
1124293092
1136592342
1149556321
1172986631
1193105510
1210632163
1320261465
1322470751
1419038213
1424875884
1435625785
1473928934
1535208211
1535906825
1582108200
1600118129
1601106877
1628853445
1647318297
1807879515
1809722029
2011181288
2267432566
2398787756
2407852131
2498727764
2511509500
2543290618
2773997224
2806918459
2807137028
2819778828
2915831851
2962110082
3328347646
3350841591
3448008648
3464704262
316250609
317282286
377844855
554778920
675396683
743625176
798238126
894118219
932089341
957420359
1046905968
1145037619
1160405732
1181668633
1210546144
1215394940
1215963666
1290394706
1296247051
1340752398
1355523474
1394679877
1530158945
1553434256
1712925612
1844776370
1876684057
1908431391
2241397746
2317836878
2328856464
2495927135
2715624989
2844891965
2945482336
3393730141
280336724
459097140
574316004
617118789
785247806
799560129
861572665
924670537
1010703262
1150038322
1208405118
1290280836
1393926822
1613137634
1678353019
1685459909
1720322086
1753027528
2024339698
2278371844
2324148214
2384961957
2430353114
2534564417
2546664446
2632944070
2738021148
2811579950
2823144332
3061221702
3104481043
3232890279
3249652279
3298852155
3532336254
1972622631
3043267344
374962478
719490544
842323362
952133536
1017736226
1060187791
1204569442
1240012071
1272144919
1350954399
1427900818
1651590960
1664646526
1803133961
2100976497
2225074664
2320699650
2539508749
2544086786
2546816175
2897895624
2954134372
3291539129
291121688
360648052
372385508
419507771
468028728
476594495
731733239
749968061
873566558
924746342
974127396
1002058117
1125964375
1169986074
1196698099
1207238228
1318294196
1554504481
1760310182
1804318527
1978138693
2028099643
2050667396
2101490365
2229132005
2317991599
2329586005
2351219709
2482129428
2532186386
2549350460
2559046932
2635909863
2757039500
3102514415
3192109764
3500453832
343074344
407675747
773950915
865728436
1141390350
1549009365
1570413882
2192723927
2216758318
2218614566
2227503650
2470049002
2840371030
